단검,
,|,바제랄드,0,2,1,0,0,0,0,0,0,일반적인 단검,
,|,숏소드,0,2,3,0,0,0,0,0,0,짤막한 검,
,|,레이피어,0,2,7,0,0,0,0,0,0,기사의 검,
,|,쥬엘소드,0,2,15,0,0,0,0,0,0,보석이 박힌검,
,|,컴뱃나이프,0,2,24,0,0,0,0,0,0,찌르는데 효율좋은 단검,
,검,
,|,틸핑,0,2,-30,0,0,0,0,0,0,저주받은 암흑검,
,|,그라디우스,0,2,3,0,0,0,0,0,0,고대 로마의 검,
,|,세이버,0,2,9,0,0,0,0,0,0,일반적인 한손검,
,|,하루파,0,2,28,0,0,0,0,0,0,onedaypa,
,|,발만웨,0,2,36,0,0,0,0,0,0,op검,
,두손검,
,|,녹슨검,0,2,-2,0,0,0,0,0,0,녹슨 검,
,|,요도무라마사,0,2,-3,0,0,0,0,0,0,적을 죽일수록 강해지는검,
,|,타케미츠,0,2,1,0,0,0,0,0,0,???,
,|,야스츠나,0,2,60,0,0,0,0,0,0,천하오검중 하나,
,|,마사무네,0,2,90,0,0,0,0,0,0,유명도공이만든 검,
