푸드,
,|,토마토,0,0,10,0,0,0,0,
,|,라면,0,0,15,0,0,0,0,
,|,구슬아이스크림,0,0,20,0,0,0,0,
,|,파르페,0,0,25,0,0,0,0,
,|,푸딩,0,0,30,0,0,0,0,
,|,피자,0,0,35,0,0,0,0,
,|,계란후라이,0,0,40,0,0,0,0,
,|,청포도,0,0,30,0,0,0,0,
,|,점심세트,0,0,40,0,0,0,0,
,|,와인,0,0,45,0,0,0,0,
,|,스파게티,0,0,55,0,0,0,0,
,|,초밥,0,0,60,0,0,0,0,
,|,볶음밥,0,0,60,0,0,0,0,
,|,PPAP,0,0,20,0,0,0,0,
,|,스테이크,0,0,40,0,0,0,0,
,|,만화고기,0,0,70,0,0,0,0,
,|,귤,0,0,10,0,0,0,0,
,|,바베큐,0,0,80,0,0,0,0,
,|,모듬만두,0,0,50,0,0,0,0,
,|,칠면조,0,0,90,0,0,0,0,
,|,맥주,0,0,20,0,0,0,0,
,|,보드카,0,0,30,0,0,0,0,
,|,치즈,0,0,25,0,0,0,0,
,|,방울토마토,0,0,10,0,0,0,0,
,|,덮밥,0,0,30,0,0,0,0,
,|,만두,0,0,20,0,0,0,0,
,|,찐빵,0,0,10,0,0,0,0,
,|,모닝세트,0,0,40,0,0,0,0,
,|,딸기케익,0,0,20,0,0,0,0,
,|,크림케익,0,0,25,0,0,0,0,
,|,독버섯,0,0,-20,0,0,0,0,
,|,맛있는버섯,0,0,20,0,0,0,0,
,|,카레,0,0,40,0,0,0,0,
,|,티라미슈,0,0,20,0,0,0,0,
,|,햄버거,0,0,30,0,0,0,0,
,|,핫도그,0,0,15,0,0,0,0,
,|,샐러드,0,0,25,0,0,0,0,
,|,빵과커피,0,0,45,0,0,0,0,

,포션,
,|,파란포션,0,1,0,0,0,0,0,
,|,초록포션,0,1,0,0,0,0,0,
,|,하얀포션,0,1,0,0,0,0,0,
,|,주황포션,0,1,0,0,0,0,0,
,|,보라포션,0,1,0,0,0,0,0,
,|,검은포션,0,1,0,0,0,0,0,
,|,노란포션,0,1,30,0,0,0,0,

